M,0,0,10
M,0,2,9
M,0,3,9
M,0,5,9
M,0,6,9
M,0,11,8
M,0,13,9
M,0,16,10
M,0,22,8
M,0,25,10
M,0,32,10
M,0,34,10
M,0,38,10
M,0,42,10
M,0,45,9
M,0,46,9
M,0,47,9
M,0,50,10
M,0,0,10
M,0,2,9
M,0,3,9
M,0,5,9
M,0,6,9
M,0,11,8
M,0,13,9
M,0,16,10
M,0,22,8
M,0,25,10
M,0,32,10
M,0,34,10
M,0,38,10
M,0,42,10
M,0,45,9
M,0,46,9
M,0,47,9
M,0,50,10
M,0,52,10
M,0,55,10
M,0,60,8
M,0,61,10
M,0,63,8
M,0,66,10
M,0,67,10
M,0,69,8
M,0,75,8
M,0,77,10
M,0,79,9
M,0,80,9
M,0,83,9
M,0,90,9
M,0,92,9
M,0,96,9
M,0,98,8
M,1,2,10
M,1,10,8
M,1,17,10
M,1,23,8
M,1,24,8
M,0,52,10
M,0,55,10
M,0,60,8
M,0,61,10
M,0,63,8
M,0,66,10
M,0,67,10
M,0,69,8
M,0,75,8
M,0,77,10
M,0,79,9
M,0,80,9
M,0,83,9
M,0,90,9
M,0,92,9
M,0,96,9
M,0,98,8
M,1,2,10
M,1,10,8
M,1,17,10
M,1,23,8
M,1,24,8
