04223 20210101 -9.000 -121.45   48.54 -9999.0 -9999.0 -9999.0 -9999.0 -9999.0 -9999.00 U -9999.0 -9999.0 -9999.0 -9999.0 -9999.0 -9999.0 -99.000 -99.000 -99.000 -99.000 -99.000 -9999.0 -9999.0 -9999.0 -9999.0 -9999.0
04223 20210102 -9.000 -121.45   48.54 -9999.0 -9999.0 -9999.0 -9999.0 -9999.0 -9999.00 U -9999.0 -9999.0 -9999.0 -9999.0 -9999.0 -9999.0 -99.000 -99.000 -99.000 -99.000 -99.000 -9999.0 -9999.0 -9999.0 -9999.0 -9999.0
04223 20210103 -9.000 -121.45   48.54 -9999.0 -9999.0 -9999.0 -9999.0 -9999.0 -9999.00 U -9999.0 -9999.0 -9999.0 -9999.0 -9999.0 -9999.0 -99.000 -99.000 -99.000 -99.000 -99.000 -9999.0 -9999.0 -9999.0 -9999.0 -9999.0
04223 20210104 -9.000 -121.45   48.54 -9999.0 -9999.0 -9999.0 -9999.0 -9999.0 -9999.00 U -9999.0 -9999.0 -9999.0 -9999.0 -9999.0 -9999.0 -99.000 -99.000 -99.000 -99.000 -99.000 -9999.0 -9999.0 -9999.0 -9999.0 -9999.0
04223 20210105 -9.000 -121.45   48.54 -9999.0 -9999.0 -9999.0 -9999.0 -9999.0 -9999.00 U -9999.0 -9999.0 -9999.0 -9999.0 -9999.0 -9999.0 -99.000 -99.000 -99.000 -99.000 -99.000 -9999.0 -9999.0 -9999.0 -9999.0 -9999.0
04223 20210106 -9.000 -121.45   48.54 -9999.0 -9999.0 -9999.0 -9999.0 -9999.0 -9999.00 U -9999.0 -9999.0 -9999.0 -9999.0 -9999.0 -9999.0 -99.000 -99.000 -99.000 -99.000 -99.000 -9999.0 -9999.0 -9999.0 -9999.0 -9999.0
04223 20210107 -9.000 -121.45   48.54 -9999.0 -9999.0 -9999.0 -9999.0 -9999.0 -9999.00 U -9999.0 -9999.0 -9999.0 -9999.0 -9999.0 -9999.0 -99.000 -99.000 -99.000 -99.000 -99.000 -9999.0 -9999.0 -9999.0 -9999.0 -9999.0
04223 20210108 -9.000 -121.45   48.54 -9999.0 -9999.0 -9999.0 -9999.0 -9999.0 -9999.00 U -9999.0 -9999.0 -9999.0 -9999.0 -9999.0 -9999.0 -99.000 -99.000 -99.000 -99.000 -99.000 -9999.0 -9999.0 -9999.0 -9999.0 -9999.0
04223 20210109 -9.000 -121.45   48.54 -9999.0 -9999.0 -9999.0 -9999.0 -9999.0 -9999.00 U -9999.0 -9999.0 -9999.0 -9999.0 -9999.0 -9999.0 -99.000 -99.000 -99.000 -99.000 -99.000 -9999.0 -9999.0 -9999.0 -9999.0 -9999.0
04223 20210110 -9.000 -121.45   48.54 -9999.0 -9999.0 -9999.0 -9999.0 -9999.0 -9999.00 U -9999.0 -9999.0 -9999.0 -9999.0 -9999.0 -9999.0 -99.000 -99.000 -99.000 -99.000 -99.000 -9999.0 -9999.0 -9999.0 -9999.0 -9999.0
04223 20210111 -9.000 -121.45   48.54 -9999.0 -9999.0 -9999.0 -9999.0 -9999.0 -9999.00 U -9999.0 -9999.0 -9999.0 -9999.0 -9999.0 -9999.0 -99.000 -99.000 -99.000 -99.000 -99.000 -9999.0 -9999.0 -9999.0 -9999.0 -9999.0
04223 20210112 -9.000 -121.45   48.54 -9999.0 -9999.0 -9999.0 -9999.0 -9999.0 -9999.00 U -9999.0 -9999.0 -9999.0 -9999.0 -9999.0 -9999.0 -99.000 -99.000 -99.000 -99.000 -99.000 -9999.0 -9999.0 -9999.0 -9999.0 -9999.0
04223 20210113 -9.000 -121.45   48.54 -9999.0 -9999.0 -9999.0 -9999.0 -9999.0 -9999.00 U -9999.0 -9999.0 -9999.0 -9999.0 -9999.0 -9999.0 -99.000 -99.000 -99.000 -99.000 -99.000 -9999.0 -9999.0 -9999.0 -9999.0 -9999.0
04223 20210114 -9.000 -121.45   48.54 -9999.0 -9999.0 -9999.0 -9999.0 -9999.0 -9999.00 U -9999.0 -9999.0 -9999.0 -9999.0 -9999.0 -9999.0 -99.000 -99.000 -99.000 -99.000 -99.000 -9999.0 -9999.0 -9999.0 -9999.0 -9999.0
04223 20210115 -9.000 -121.45   48.54 -9999.0 -9999.0 -9999.0 -9999.0 -9999.0 -9999.00 U -9999.0 -9999.0 -9999.0 -9999.0 -9999.0 -9999.0 -99.000 -99.000 -99.000 -99.000 -99.000 -9999.0 -9999.0 -9999.0 -9999.0 -9999.0
04223 20210116 -9.000 -121.45   48.54 -9999.0 -9999.0 -9999.0 -9999.0 -9999.0 -9999.00 U -9999.0 -9999.0 -9999.0 -9999.0 -9999.0 -9999.0 -99.000 -99.000 -99.000 -99.000 -99.000 -9999.0 -9999.0 -9999.0 -9999.0 -9999.0
04223 20210117 -9.000 -121.45   48.54 -9999.0 -9999.0 -9999.0 -9999.0 -9999.0 -9999.00 U -9999.0 -9999.0 -9999.0 -9999.0 -9999.0 -9999.0 -99.000 -99.000 -99.000 -99.000 -99.000 -9999.0 -9999.0 -9999.0 -9999.0 -9999.0
04223 20210118 -9.000 -121.45   48.54 -9999.0 -9999.0 -9999.0 -9999.0 -9999.0 -9999.00 U -9999.0 -9999.0 -9999.0 -9999.0 -9999.0 -9999.0 -99.000 -99.000 -99.000 -99.000 -99.000 -9999.0 -9999.0 -9999.0 -9999.0 -9999.0
04223 20210119 -9.000 -121.45   48.54 -9999.0 -9999.0 -9999.0 -9999.0 -9999.0 -9999.00 U -9999.0 -9999.0 -9999.0 -9999.0 -9999.0 -9999.0 -99.000 -99.000 -99.000 -99.000 -99.000 -9999.0 -9999.0 -9999.0 -9999.0 -9999.0
04223 20210120 -9.000 -121.45   48.54 -9999.0 -9999.0 -9999.0 -9999.0 -9999.0 -9999.00 U -9999.0 -9999.0 -9999.0 -9999.0 -9999.0 -9999.0 -99.000 -99.000 -99.000 -99.000 -99.000 -9999.0 -9999.0 -9999.0 -9999.0 -9999.0
04223 20210121 -9.000 -121.45   48.54 -9999.0 -9999.0 -9999.0 -9999.0 -9999.0 -9999.00 U -9999.0 -9999.0 -9999.0 -9999.0 -9999.0 -9999.0 -99.000 -99.000 -99.000 -99.000 -99.000 -9999.0 -9999.0 -9999.0 -9999.0 -9999.0
04223 20210122 -9.000 -121.45   48.54 -9999.0 -9999.0 -9999.0 -9999.0 -9999.0 -9999.00 U -9999.0 -9999.0 -9999.0 -9999.0 -9999.0 -9999.0 -99.000 -99.000 -99.000 -99.000 -99.000 -9999.0 -9999.0 -9999.0 -9999.0 -9999.0
04223 20210123 -9.000 -121.45   48.54 -9999.0 -9999.0 -9999.0 -9999.0 -9999.0 -9999.00 U -9999.0 -9999.0 -9999.0 -9999.0 -9999.0 -9999.0 -99.000 -99.000 -99.000 -99.000 -99.000 -9999.0 -9999.0 -9999.0 -9999.0 -9999.0
04223 20210124 -9.000 -121.45   48.54 -9999.0 -9999.0 -9999.0 -9999.0 -9999.0 -9999.00 U -9999.0 -9999.0 -9999.0 -9999.0 -9999.0 -9999.0 -99.000 -99.000 -99.000 -99.000 -99.000 -9999.0 -9999.0 -9999.0 -9999.0 -9999.0
04223 20210125 -9.000 -121.45   48.54 -9999.0 -9999.0 -9999.0 -9999.0 -9999.0 -9999.00 U -9999.0 -9999.0 -9999.0 -9999.0 -9999.0 -9999.0 -99.000 -99.000 -99.000 -99.000 -99.000 -9999.0 -9999.0 -9999.0 -9999.0 -9999.0
04223 20210126 -9.000 -121.45   48.54 -9999.0 -9999.0 -9999.0 -9999.0 -9999.0 -9999.00 U -9999.0 -9999.0 -9999.0 -9999.0 -9999.0 -9999.0 -99.000 -99.000 -99.000 -99.000 -99.000 -9999.0 -9999.0 -9999.0 -9999.0 -9999.0
04223 20210127 -9.000 -121.45   48.54 -9999.0 -9999.0 -9999.0 -9999.0 -9999.0 -9999.00 U -9999.0 -9999.0 -9999.0 -9999.0 -9999.0 -9999.0 -99.000 -99.000 -99.000 -99.000 -99.000 -9999.0 -9999.0 -9999.0 -9999.0 -9999.0
04223 20210128 -9.000 -121.45   48.54 -9999.0 -9999.0 -9999.0 -9999.0 -9999.0 -9999.00 U -9999.0 -9999.0 -9999.0 -9999.0 -9999.0 -9999.0 -99.000 -99.000 -99.000 -99.000 -99.000 -9999.0 -9999.0 -9999.0 -9999.0 -9999.0
04223 20210129 -9.000 -121.45   48.54 -9999.0 -9999.0 -9999.0 -9999.0 -9999.0 -9999.00 U -9999.0 -9999.0 -9999.0 -9999.0 -9999.0 -9999.0 -99.000 -99.000 -99.000 -99.000 -99.000 -9999.0 -9999.0 -9999.0 -9999.0 -9999.0
04223 20210130 -9.000 -121.45   48.54 -9999.0 -9999.0 -9999.0 -9999.0 -9999.0 -9999.00 U -9999.0 -9999.0 -9999.0 -9999.0 -9999.0 -9999.0 -99.000 -99.000 -99.000 -99.000 -99.000 -9999.0 -9999.0 -9999.0 -9999.0 -9999.0
04223 20210131 -9.000 -121.45   48.54 -9999.0 -9999.0 -9999.0 -9999.0 -9999.0 -9999.00 U -9999.0 -9999.0 -9999.0 -9999.0 -9999.0 -9999.0 -99.000 -99.000 -99.000 -99.000 -99.000 -9999.0 -9999.0 -9999.0 -9999.0 -9999.0
04223 20210201 -9.000 -121.45   48.54 -9999.0 -9999.0 -9999.0 -9999.0 -9999.0 -9999.00 U -9999.0 -9999.0 -9999.0 -9999.0 -9999.0 -9999.0 -99.000 -99.000 -99.000 -99.000 -99.000 -9999.0 -9999.0 -9999.0 -9999.0 -9999.0
04223 20210202 -9.000 -121.45   48.54 -9999.0 -9999.0 -9999.0 -9999.0 -9999.0 -9999.00 U -9999.0 -9999.0 -9999.0 -9999.0 -9999.0 -9999.0 -99.000 -99.000 -99.000 -99.000 -99.000 -9999.0 -9999.0 -9999.0 -9999.0 -9999.0
04223 20210203  2.622 -121.45   48.54 -9999.0 -9999.0 -9999.0 -9999.0 -9999.0 -9999.00 U -9999.0 -9999.0 -9999.0 -9999.0 -9999.0 -9999.0 -99.000 -99.000 -99.000 -99.000 -99.000 -9999.0 -9999.0 -9999.0 -9999.0 -9999.0
04223 20210204  2.622 -121.45   48.54 -9999.0 -9999.0 -9999.0 -9999.0    39.3    16.89 C     4.1    -0.1     1.8    96.4    91.1    95.4   0.358   0.383   0.288   0.221   0.254     2.8     2.8     3.1     3.3     3.3
04223 20210205  2.622 -121.45   48.54 -9999.0 -9999.0 -9999.0 -9999.0    20.7    57.38 C     6.1     0.0     2.7    96.5    88.4    95.1   0.358   0.390   0.307   0.241   0.265     2.5     2.4     2.8     3.0     3.1
04223 20210206  2.622 -121.45   48.54 -9999.0 -9999.0 -9999.0 -9999.0    36.2    21.41 C     4.2     2.2     3.1    95.9    92.3    95.0   0.368   0.395   0.313   0.250   0.266     3.0     2.9     2.9     3.1     3.0
04223 20210207  2.622 -121.45   48.54 -9999.0 -9999.0 -9999.0 -9999.0    10.6    61.24 C     5.1    -0.2     1.7    96.4    87.5    93.6   0.355   0.380   0.287   0.224   0.254     2.9     2.8     3.0     3.1     3.0
04223 20210208  2.622 -121.45   48.54 -9999.0 -9999.0 -9999.0 -9999.0     1.1 -9999.00 C     6.0    -2.2     0.5    96.8    67.1    92.3   0.337   0.364   0.267   0.208   0.248     2.6     2.6     2.9     3.0     3.0
04223 20210209  2.622 -121.45   48.54 -9999.0 -9999.0 -9999.0 -9999.0     0.0 -9999.00 C     2.3    -5.8    -1.9    93.3    44.1    62.7   0.323   0.351   0.255   0.196   0.242     1.6     1.9     2.5     2.9     3.0
04223 20210210  2.622 -121.45   48.54    -0.7    -5.4    -3.0    -2.6     0.0     3.44 C     0.2    -7.1    -3.2    94.8    44.7    66.1   0.309   0.340   0.246   0.188   0.237     0.7     1.1     2.0     2.5     2.7
04223 20210211  2.622 -121.45   48.54    -1.2    -4.3    -2.8    -2.8     0.0     5.62 C    -1.0    -4.3    -2.9    46.2    30.2    35.6   0.323   0.329   0.240   0.182   0.233     0.3     0.7     1.6     2.1     2.3
04223 20210212  2.622 -121.45   48.54    -0.8    -4.6    -2.7    -2.7     0.0     3.61 C     0.1    -4.3    -2.4    67.4    30.9    35.7 -99.000   0.323   0.235   0.177   0.229     0.1     0.4     1.3     1.8     2.1
04223 20210213  2.622 -121.45   48.54     1.7    -3.1    -0.7    -0.8     0.7     2.30 C     1.9    -3.4    -1.2    76.6    42.1    61.2 -99.000   0.344   0.230   0.173   0.226     0.0     0.3     1.1     1.6     1.8
04223 20210214  2.622 -121.45   48.54     3.1    -0.8     1.2     0.5     0.8     2.65 C     4.5    -1.4     0.2    95.4    47.0    67.9 -99.000   0.385   0.227   0.169   0.223     0.0     0.2     1.0     1.4     1.7
04223 20210215  2.622 -121.45   48.54     0.9    -0.2     0.4     0.2    18.8     1.25 C     0.1    -0.5    -0.2    96.5    88.6    93.8 -99.000   0.385   0.230   0.170   0.223     0.0     0.2     0.9     1.4     1.6
04223 20210216  2.622 -121.45   48.54     3.6     0.1     1.8     1.0     8.2     2.26 C     0.4    -0.1     0.0    96.6    94.4    96.0 -99.000   0.387   0.246   0.184   0.231     0.1     0.2     0.9     1.3     1.4
04223 20210217  2.622 -121.45   48.54     6.3    -1.0     2.6     1.4     0.0     5.57 C     2.3    -2.7    -0.2    96.6    66.5    93.3 -99.000   0.406   0.259   0.197   0.238     0.1     0.2     0.8     1.2     1.4
04223 20210218  2.622 -121.45   48.54     4.1    -1.3     1.4     0.8     9.5     1.83 C     2.0    -3.4    -0.5    96.5    77.9    92.4 -99.000   0.416   0.259   0.197   0.238     0.2     0.2     0.8     1.1     1.3
04223 20210219  2.622 -121.45   48.54     3.2     0.1     1.6     0.9    13.2     2.31 C     0.6    -0.2     0.0    96.9    92.0    96.0   0.350   0.424   0.275   0.211   0.243     0.2     0.2     0.8     1.1     1.2
04223 20210220  2.622 -121.45   48.54     4.3     0.4     2.4     1.9    10.0     2.48 C     3.1    -0.1     0.8    96.7    90.6    95.9   0.360   0.428   0.285   0.220   0.247     0.3     0.3     0.8     1.0     1.2
04223 20210221  2.622 -121.45   48.54     3.4     0.7     2.0     1.9    45.2     0.56 C     2.4     0.0     1.3    96.6    95.8    96.3   0.372   0.451   0.312   0.249   0.266     0.3     0.3     0.7     1.0     1.1
04223 20210222  2.622 -121.45   48.54     4.8     2.7     3.7     3.6    59.1     0.69 C     6.6     1.4     3.1    96.7    88.9    95.2   0.376   0.454   0.345   0.284   0.278     0.5     0.5     0.6     0.8     0.9
04223 20210223  2.622 -121.45   48.54     5.0    -0.1     2.5     2.2    12.4     2.27 C     7.1    -0.5     1.9    96.5    86.2    94.2   0.354   0.387   0.291   0.227   0.255     1.3     1.1     1.0     1.0     1.0
04223 20210224  2.622 -121.45   48.54     6.2    -1.2     2.5     1.6     0.0     8.10 C     7.0    -3.0     0.8    97.0    57.6    89.1   0.330   0.363   0.268   0.208   0.249     1.2     1.2     1.2     1.3     1.2
04223 20210225  2.622 -121.45   48.54     1.6     0.1     0.8     0.6    42.8     0.22 C     0.3    -0.2     0.0    96.5    95.3    96.1   0.339   0.367   0.276   0.211   0.247     1.0     1.0     1.2     1.4     1.3
04223 20210226  2.622 -121.45   48.54     3.9     0.2     2.0     1.5    15.8     3.36 C     0.7    -0.2     0.0    96.4    83.9    94.4   0.354   0.383   0.301   0.234   0.259     0.8     0.8     1.1     1.3     1.3
04223 20210227  2.622 -121.45   48.54     6.5    -0.3     3.1     2.1     0.7     8.65 C     1.4    -1.1     0.1    96.6    58.0    89.2   0.348   0.374   0.282   0.219   0.252     0.9     0.9     1.1     1.3     1.2
04223 20210228  2.622 -121.45   48.54     6.6     0.2     3.4     2.5     5.1     5.02 C     8.5    -2.1     1.9    96.5    84.9    93.9   0.359   0.383   0.293   0.227   0.255     1.1     1.1     1.2     1.3     1.3
04223 20210301  2.622 -121.45   48.54    10.3     0.4     5.3     4.0     0.0     6.24 C    13.2    -1.0     3.9    96.7    69.3    90.2   0.329   0.360   0.266   0.206   0.248     2.0     1.7     1.4     1.5     1.4
04223 20210302  2.622 -121.45   48.54     8.7     0.7     4.7     4.3     0.0     7.24 C    14.5    -2.8     4.2    94.9    62.6    86.0   0.316   0.346   0.252   0.193   0.241     3.1     2.6     2.1     2.0     1.7
04223 20210303  2.622 -121.45   48.54    13.7    -0.2     6.7     4.3     0.0     8.23 C    16.3    -4.1     2.5    96.0    29.1    79.6   0.308   0.340   0.245   0.187   0.236     2.7     2.6     2.4     2.3     2.0
04223 20210304  2.622 -121.45   48.54    13.7    -0.8     6.4     4.6     3.2     6.90 C    15.8    -4.0     3.9    96.2    46.7    83.6   0.306   0.330   0.241   0.182   0.233     2.3     2.2     2.2     2.3     2.2
04223 20210305  2.622 -121.45   48.54     8.9     2.9     5.9     5.3     1.6     2.78 C    11.0     1.5     5.0    95.1    83.0    92.6   0.323   0.338   0.243   0.183   0.232     3.5     3.1     2.6     2.5     2.3
04223 20210306  2.622 -121.45   48.54     9.2     1.8     5.5     4.6     1.0     5.20 C    10.9    -0.1     4.5    96.3    66.1    89.4   0.320   0.338   0.244   0.184   0.233     3.8     3.4     3.0     2.9     2.6
04223 20210307  2.622 -121.45   48.54     7.9     1.7     4.8     3.7     4.5     5.11 C    12.3    -0.2     3.6    96.1    56.3    90.8   0.329   0.338   0.245   0.185   0.233     3.8     3.5     3.2     3.1     2.8
04223 20210308  2.622 -121.45   48.54    11.9    -1.5     5.2     3.4     0.0    10.51 C    11.6    -4.9     1.4    96.6    35.8    78.3   0.328   0.342   0.249   0.189   0.236     3.0     3.0     3.1     3.1     3.0
04223 20210309  2.622 -121.45   48.54    11.8    -2.4     4.7     4.0     2.1     8.61 C    14.6    -5.6     3.1    96.0    32.8    74.6   0.317   0.334   0.244   0.185   0.234     2.7     2.6     2.8     2.9     2.8
04223 20210310  2.622 -121.45   48.54    11.8    -2.3     4.8     2.7     0.0    10.71 C    14.7    -6.1     0.5    96.6    29.3    80.2   0.317   0.333   0.242   0.183   0.232     2.4     2.5     2.8     2.9     2.8
04223 20210311  2.622 -121.45   48.54    13.1    -3.2     5.0     3.2     0.0    10.93 C    15.5    -6.5     0.5    95.3    30.0    72.5   0.305   0.330   0.240   0.180   0.231     1.7     1.9     2.4     2.7     2.7
04223 20210312  2.622 -121.45   48.54    14.0    -1.5     6.3     3.8     0.0     8.35 C    16.8    -5.0     1.9    93.5    28.1    73.8   0.300   0.325   0.237   0.177   0.229     1.9     1.9     2.2     2.5     2.5
04223 20210313  2.622 -121.45   48.54    16.1    -1.7     7.2     5.0     0.0    10.41 C    21.0    -5.0     3.3    94.6    33.0    74.4   0.296   0.320   0.234   0.175   0.227     2.3     2.2     2.3     2.5     2.4
04223 20210314  2.622 -121.45   48.54     8.6     0.6     4.6     3.9     5.2     3.03 C     9.8    -2.6     3.3    95.7    61.1    87.3   0.303   0.320   0.233   0.173   0.225     2.8     2.6     2.6     2.7     2.5
04223 20210315  2.622 -121.45   48.54     7.4     0.6     4.0     3.4     0.5     6.42 C    10.3    -0.5     3.6    96.8    60.0    85.2   0.321   0.331   0.240   0.180   0.228     3.4     3.1     2.9     2.9     2.7
04223 20210316  2.622 -121.45   48.54    10.8    -0.7     5.1     4.3     0.0     8.83 C    15.5    -4.2     3.2    95.8    44.3    80.3   0.307   0.329   0.238   0.179   0.229     3.7     3.4     3.2     3.2     2.9
04223 20210317  2.622 -121.45   48.54    16.0    -1.8     7.1     5.2     0.0    11.48 C    20.8    -5.1     3.7    96.0    29.9    74.0   0.298   0.324   0.235   0.176   0.227     3.0     3.0     3.1     3.2     3.0
04223 20210318  2.622 -121.45   48.54    13.8     0.2     7.0     6.6     7.3     4.57 C    14.4    -3.0     5.4    95.6    51.7    79.4   0.308   0.328   0.236   0.175   0.226     3.6     3.3     3.2     3.2     3.1
04223 20210319  2.622 -121.45   48.54    11.2     2.2     6.7     5.9     2.9     7.74 C    14.6     0.2     6.1    96.3    64.5    89.6   0.330   0.345   0.249   0.187   0.232     4.7     4.2     3.7     3.6     3.3
04223 20210320  2.622 -121.45   48.54     8.8     3.9     6.3     5.7     7.2     5.45 C    12.7     2.1     6.0    95.8    75.0    91.5   0.345   0.355   0.258   0.194   0.236     5.3     4.8     4.2     4.0     3.6
04223 20210321  2.622 -121.45   48.54     6.7     1.7     4.2     3.9    10.6     3.54 C    10.2     1.8     4.3    95.2    79.3    91.6   0.345   0.358   0.263   0.199   0.239     5.0     4.7     4.4     4.3     3.9
04223 20210322  2.622 -121.45   48.54     9.8     1.3     5.5     4.0     5.9    11.10 C    16.2    -1.5     4.5    96.0    54.2    87.6   0.348   0.372   0.284   0.217   0.247     5.0     4.7     4.4     4.3     4.1
04223 20210323  2.622 -121.45   48.54    10.7     2.1     6.4     5.5     0.0     8.11 C    20.5     1.2     6.1    95.5    45.3    79.5   0.320   0.345   0.255   0.195   0.239     5.2     4.8     4.5     4.4     4.2
04223 20210324  2.622 -121.45   48.54     5.7     0.3     3.0     3.8    25.7     4.13 C     8.7     0.0     4.5    95.7    86.3    93.9   0.355   0.377   0.288   0.221   0.252     5.0     4.8     4.6     4.6     4.3
04223 20210325  2.622 -121.45   48.54    12.3     3.1     7.7     6.4     0.0    10.87 C    19.4     0.2     6.8    95.5    52.9    86.6   0.330   0.355   0.264   0.203   0.244     5.9     5.4     4.8     4.7     4.4
04223 20210326  2.622 -121.45   48.54    10.8     2.6     6.7     6.2     0.0     5.89 C    15.0    -0.5     6.3    95.2    55.3    85.2   0.315   0.340   0.250   0.191   0.237     5.8     5.4     5.1     5.0     4.6
04223 20210327  2.622 -121.45   48.54    14.4     4.9     9.6     7.9     0.3    10.59 C    21.6     1.2     8.8    94.9    44.6    81.7   0.309   0.332   0.244   0.184   0.233     6.7     6.1     5.4     5.2     4.8
04223 20210328  2.622 -121.45   48.54     7.2     1.9     4.5     4.6    24.2     0.81 C     6.6     0.1     4.4    95.4    79.3    90.9   0.344   0.362   0.270   0.204   0.240     5.9     5.8     5.6     5.5     5.1
04223 20210329  2.622 -121.45   48.54     6.7    -1.2     2.8     2.4     3.5     7.11 C    11.8    -3.5     2.4    96.4    76.0    91.2   0.348   0.368   0.276   0.213   0.248     4.9     4.9     5.1     5.2     5.0
04223 20210330  2.622 -121.45   48.54     9.7    -1.6     4.0     3.3     0.0     9.72 C    17.9    -3.6     3.4    96.6    43.9    82.7   0.329   0.349   0.257   0.197   0.241     4.7     4.6     4.7     4.9     4.8
04223 20210331  2.622 -121.45   48.54    17.3    -1.9     7.7     5.9     0.0    15.38 C    23.3    -5.1     5.1    96.2    34.4    76.7   0.316   0.337   0.247   0.188   0.236     4.7     4.6     4.7     4.8     4.6
04223 20210401  2.622 -121.45   48.54    15.6     0.8     8.2     7.1     0.0    11.73 C    22.7    -2.4     6.4    96.1    33.4    73.4   0.308   0.331   0.241   0.182   0.232     5.4     5.1     4.9     4.9     4.7
04223 20210402  2.622 -121.45   48.54    14.9    -0.4     7.3     6.7     0.0    15.14 C    22.1    -3.7     6.3    95.8    36.1    74.0   0.303   0.325   0.236   0.177   0.229     6.0     5.7     5.3     5.1     4.8
04223 20210403  2.622 -121.45   48.54    14.7     1.5     8.1     8.0    11.4     9.00 C    20.2    -1.1     8.4    94.7    42.1    78.1   0.305   0.325   0.233   0.174   0.226     6.3     5.9     5.5     5.4     5.1
04223 20210404  2.622 -121.45   48.54    11.9    -0.8     5.5     6.3     1.1    11.49 C    18.3    -4.0     5.9    95.6    28.6    74.4   0.340   0.368   0.262   0.195   0.236     7.0     6.6     6.0     5.8     5.3
04223 20210405  2.622 -121.45   48.54    14.3    -2.6     5.8     4.9     0.0    16.70 C    22.6    -5.9     4.3    95.5    31.5    73.1   0.318   0.342   0.249   0.188   0.235     5.5     5.5     5.6     5.7     5.4
04223 20210406  2.622 -121.45   48.54    16.6    -1.9     7.3     6.6     0.0    16.54 C    24.1    -5.4     5.9    95.6    29.5    71.5   0.307   0.332   0.242   0.182   0.231     5.7     5.5     5.5     5.5     5.3
04223 20210407  2.622 -121.45   48.54     7.4     1.0     4.2     4.5    10.4     2.94 C     9.2    -2.5     4.4    95.5    81.9    91.1   0.318   0.338   0.241   0.179   0.229     5.5     5.4     5.5     5.5     5.3
04223 20210408  2.622 -121.45   48.54     9.6     2.0     5.8     4.9     4.8    11.62 C    16.9    -1.5     5.4    95.4    50.4    80.5   0.346   0.372   0.272   0.203   0.240     6.1     5.8     5.6     5.5     5.3
04223 20210409  2.622 -121.45   48.54     9.5     1.6     5.5     4.6     5.3     8.14 C    15.1    -0.3     5.3    95.2    43.2    82.2   0.325   0.348   0.254   0.192   0.237     5.9     5.7     5.6     5.6     5.4
04223 20210410  2.622 -121.45   48.54     8.1    -1.5     3.3     3.6     4.5    12.88 C    14.4    -4.7     3.8    94.1    43.8    79.3   0.345   0.368   0.267   0.201   0.240     6.0     5.8     5.7     5.7     5.4
04223 20210411  2.622 -121.45   48.54    12.9    -3.2     4.8     3.5     0.0    19.21 C    22.0    -6.7     3.7    95.7    25.5    72.2   0.321   0.347   0.253   0.192   0.237     5.1     5.1     5.4     5.5     5.4
04223 20210412  2.622 -121.45   48.54    16.4    -2.2     7.1     6.2     0.0    21.13 C    26.1    -5.7     5.8    95.4    17.8    61.4   0.307   0.335   0.244   0.184   0.233     5.4     5.2     5.3     5.4     5.2
04223 20210413  2.622 -121.45   48.54    18.7    -0.8     9.0     7.9     0.0    19.20 C    26.4    -5.1     6.2    90.2    12.0    55.4   0.297   0.326   0.238   0.179   0.229     5.7     5.5     5.4     5.4     5.3
04223 20210414  2.622 -121.45   48.54    24.1    -0.4    11.8    10.1     0.0    19.19 C    29.4    -4.3     8.5    89.4    12.7    55.7   0.290   0.318   0.233   0.174   0.226     6.3     6.0     5.7     5.6     5.3
04223 20210415  2.622 -121.45   48.54    25.5     2.1    13.8    11.8     0.0    19.34 C    33.0    -2.1    10.3    90.0    13.8    57.1   0.290   0.311   0.228   0.169   0.222     7.4     6.9     6.2     6.0     5.6
04223 20210416  2.622 -121.45   48.54    27.0     3.2    15.1    12.6     0.0    19.55 C    33.8    -1.3    11.1    89.0    11.9    56.2   0.285   0.302   0.223   0.165   0.219     8.2     7.7     6.8     6.4     6.0
04223 20210417  2.622 -121.45   48.54    27.7     4.2    16.0    13.5     0.0    19.68 C    34.8    -0.6    11.9    85.6    13.7    55.0   0.278   0.293   0.219   0.161   0.216     8.8     8.2     7.3     6.9     6.4
04223 20210418  2.622 -121.45   48.54    26.2     4.5    15.3    13.5     0.0    19.74 C    32.5    -0.2    12.0    87.8    18.7    56.3   0.270   0.282   0.215   0.157   0.212     9.4     8.8     7.7     7.4     6.7
04223 20210419  2.622 -121.45   48.54    23.5     6.3    14.9    13.6     0.0    20.63 C    31.4     1.2    11.7    79.5     9.8    45.5   0.263   0.273   0.211   0.155   0.209     9.5     9.0     8.1     7.7     7.1
04223 20210420  2.622 -121.45   48.54    23.3     3.0    13.1    12.3     0.0    20.41 C    31.8    -1.2    11.2    87.1    14.7    55.9   0.255   0.267   0.207   0.152   0.206     9.5     9.0     8.2     7.9     7.3
04223 20210421  2.622 -121.45   48.54    23.1     2.9    13.0    12.6     0.0    21.05 C    31.1    -1.2    11.9    91.7    22.6    58.8   0.247   0.261   0.203   0.148   0.203     9.7     9.2     8.4     8.1     7.5
04223 20210422  2.622 -121.45   48.54    18.5     2.5    10.5    10.9     0.0    20.07 C    28.8    -1.2    10.8    93.8    43.4    67.9   0.241   0.256   0.199   0.145   0.200     9.9     9.4     8.6     8.3     7.7
04223 20210423  2.622 -121.45   48.54    18.3     4.7    11.5    12.0     0.0    13.16 C    30.4     0.9    12.1    92.7    35.8    65.8   0.237   0.250   0.197   0.141   0.197    10.2     9.7     8.8     8.5     7.9
04223 20210424  2.622 -121.45   48.54    13.1     6.9    10.0     9.2     6.7    10.02 C    19.8     6.7    10.3    95.2    66.5    88.7   0.241   0.251   0.195   0.139   0.194    10.4     9.9     9.1     8.7     8.2
04223 20210425  2.622 -121.45   48.54    13.2     6.6     9.9     9.0     4.1    13.53 C    19.9     5.1    10.5    95.6    57.1    83.7   0.276   0.267   0.198   0.140   0.194    10.4     9.9     9.1     8.8     8.3
04223 20210426  2.622 -121.45   48.54    14.8     6.7    10.7     9.7     1.0    10.36 C    20.3     5.1    10.2    95.3    52.4    82.6   0.276   0.271   0.201   0.144   0.196    10.4    10.0     9.3     9.0     8.4
04223 20210427  2.622 -121.45   48.54    16.3     6.5    11.4    11.1     0.0    13.95 C    22.5     5.0    11.9    93.4    42.2    71.7   0.268   0.269   0.201   0.144   0.196    10.7    10.2     9.4     9.1     8.6
04223 20210428  2.622 -121.45   48.54    17.7     6.6    12.1    11.8     0.0    10.08 C    21.8     4.0    12.4    90.9    45.5    72.7   0.260   0.264   0.200   0.143   0.196    11.0    10.5     9.6     9.3     8.8
04223 20210429  2.622 -121.45   48.54    25.1     6.2    15.7    14.4     0.0    18.96 C    30.2     2.8    14.7    91.5    17.3    62.0   0.252   0.258   0.197   0.140   0.194    11.9    11.2    10.0     9.6     9.0
04223 20210430  2.622 -121.45   48.54    14.0     9.1    11.6    11.0    12.4     5.01 C    17.2     7.1    11.6    94.7    75.0    89.6   0.285   0.278   0.201   0.141   0.193    11.6    11.2    10.3    10.0     9.3
04223 20210501  2.622 -121.45   48.54    16.1     4.1    10.1    10.5     4.1    13.07 C    22.5     0.5    10.9    95.1    41.5    79.1   0.328   0.325   0.225   0.159   0.204    11.7    11.3    10.4    10.1     9.5
04223 20210502  2.622 -121.45   48.54    17.8     0.8     9.3     9.4     0.0    24.48 C    26.4    -1.2    10.6    96.1    38.2    73.4   0.296   0.304   0.224   0.163   0.209    10.8    10.6    10.1    10.0     9.5
04223 20210503  2.622 -121.45   48.54    16.6     6.3    11.5    11.1     0.5    12.51 C    25.3     4.5    12.0    94.0    43.2    74.4   0.278   0.290   0.218   0.160   0.207    11.4    11.0    10.3    10.1     9.5
04223 20210504  2.622 -121.45   48.54    18.4     4.9    11.7    11.6     2.6    16.39 C    26.5     1.5    12.1    95.2    38.2    77.3   0.278   0.286   0.214   0.157   0.206    12.1    11.6    10.6    10.3     9.7
04223 20210505  2.622 -121.45   48.54    22.8     2.8    12.8    12.9     0.0    15.17 C    24.8    -0.1    12.0    95.7    23.3    63.2   0.271   0.280   0.211   0.155   0.204    11.1    10.9    10.4    10.3     9.8
04223 20210506  2.622 -121.45   48.54    19.0     7.3    13.2    13.1     1.5     4.83 C    21.2     7.2    12.2    93.9    42.8    68.8   0.264   0.274   0.208   0.153   0.202    11.6    11.2    10.6    10.4     9.9
04223 20210507  2.622 -121.45   48.54    10.6     5.4     8.0     7.2     6.0    12.18 C    18.6     5.6     8.7    95.2    68.1    87.3   0.302   0.283   0.209   0.153   0.201    11.1    10.9    10.4    10.3     9.9
04223 20210508  2.622 -121.45   48.54    13.1     4.8     8.9     8.6     0.0    10.79 C    21.8     1.2     9.5    95.9    51.4    80.2   0.301   0.289   0.211   0.156   0.204    10.9    10.7    10.3    10.2     9.8
04223 20210509  2.622 -121.45   48.54    18.3     1.7    10.0     9.6     0.0    22.17 C    27.7    -0.7    10.3    95.9    39.5    73.4   0.281   0.282   0.207   0.158   0.203    10.8    10.6    10.1    10.1     9.7
04223 20210510  2.622 -121.45   48.54    18.9     2.4    10.6    10.7     0.0    20.32 C    29.4    -0.3    11.0    96.0    36.3    70.4   0.265   0.273   0.203   0.156   0.201    11.0    10.8    10.2    10.1     9.7
04223 20210511  2.622 -121.45   48.54    22.9     2.3    12.6    12.1     0.0    25.66 C    29.1    -0.4    12.5    96.2    25.0    68.0   0.253   0.263   0.199   0.150   0.199    11.5    11.1    10.4    10.2     9.8
04223 20210512  2.622 -121.45   48.54    19.3     7.7    13.5    12.8     0.0    10.88 C    28.0     4.0    12.8    90.6    44.1    73.6   0.244   0.256   0.195   0.145   0.195    12.0    11.6    10.7    10.5    10.0
04223 20210513  2.622 -121.45   48.54    23.6     7.3    15.4    14.5     0.0    26.01 C    30.6     3.7    15.3    92.9    37.8    69.1   0.235   0.247   0.190   0.141   0.193    12.9    12.3    11.1    10.7    10.2
04223 20210514  2.622 -121.45   48.54    24.2     5.9    15.0    14.7     0.0    26.15 C    30.9     2.9    14.8    95.5    37.0    68.2   0.221   0.237   0.184   0.136   0.188    13.1    12.6    11.5    11.1    10.5
04223 20210515  2.622 -121.45   48.54    24.7     5.1    14.9    14.5     0.0    25.92 C    30.8     2.1    14.6    95.2    37.7    69.1   0.207   0.227   0.177   0.131   0.185    13.2    12.8    11.7    11.4    10.8
04223 20210516  2.622 -121.45   48.54    25.7     6.2    15.9    15.8     0.0    25.32 C    31.9     3.2    15.9    95.4    37.6    67.3   0.192   0.213   0.171   0.126   0.180    13.6    13.1    11.9    11.6    11.0
04223 20210517  2.622 -121.45   48.54    18.1     9.1    13.6    12.9     5.6     9.35 C    24.5     7.6    13.4    94.7    58.3    78.2   0.184   0.209   0.166   0.121   0.176    13.5    13.1    12.2    11.9    11.2
04223 20210518  2.622 -121.45   48.54    10.7     2.9     6.8     7.3    15.4    12.47 C    19.0     0.2     8.4    95.7    69.4    88.4   0.256   0.286   0.194   0.128   0.178    12.0    12.0    11.8    11.7    11.2
04223 20210519  2.622 -121.45   48.54    16.0     2.2     9.1     8.4     0.6    23.37 C    26.3     0.0    10.6    96.0    42.0    77.8   0.252   0.272   0.197   0.136   0.184    11.6    11.4    11.2    11.2    11.0
04223 20210520  2.622 -121.45   48.54    17.5     5.2    11.3    10.1     5.7    20.83 C    27.0     3.6    12.2    95.8    48.3    82.2   0.246   0.262   0.194   0.136   0.184    12.3    12.0    11.3    11.2    10.9
04223 20210521  2.622 -121.45   48.54    19.1     4.5    11.8    11.4     0.0    27.45 C    28.1     2.5    13.0    96.2    49.2    78.4   0.259   0.267   0.199   0.137   0.185    12.8    12.4    11.6    11.4    11.0
04223 20210522  2.622 -121.45   48.54    20.1     4.0    12.1    12.8     0.0    25.24 C    27.9     1.7    14.0    96.2    49.2    73.9   0.235   0.252   0.192   0.135   0.184    13.0    12.6    11.8    11.6    11.1
04223 20210523  2.622 -121.45   48.54    15.9     6.7    11.3    11.9     1.0     7.11 C    21.0     4.6    12.0    95.5    68.5    84.2   0.225   0.243   0.185   0.133   0.183    12.7    12.5    11.9    11.8    11.3
04223 20210524  2.622 -121.45   48.54    15.6     9.8    12.7    11.9     3.5     9.63 C    19.2     9.8    12.9    94.5    69.0    88.3   0.236   0.246   0.185   0.132   0.182    12.9    12.6    11.8    11.7    11.3
04223 20210525  2.622 -121.45   48.54    20.1     9.8    14.9    13.6     5.7    18.65 C    29.8     9.9    15.2    95.2    57.5    83.5   0.238   0.246   0.184   0.132   0.182    13.9    13.3    12.2    11.9    11.4
04223 20210526  2.622 -121.45   48.54    19.5     8.8    14.1    13.3     0.9    18.98 C    25.8     7.2    14.6    95.0    51.3    78.7   0.278   0.264   0.185   0.133   0.182    14.4    13.9    12.6    12.3    11.7
04223 20210527  2.622 -121.45   48.54    13.1     6.6     9.9    10.2    37.1     5.04 C    19.0     6.8    10.7    95.1    85.2    92.6   0.319   0.323   0.215   0.151   0.189    13.0    13.0    12.6    12.4    11.9
04223 20210528  2.622 -121.45   48.54    15.2     5.7    10.4     9.4    10.5    14.47 C    22.9     3.3    10.5    95.7    61.0    87.1   0.334   0.359   0.275   0.225   0.245    12.3    12.2    12.0    12.1    11.8
04223 20210529  2.622 -121.45   48.54    23.6     2.8    13.2    12.4     0.0    28.15 C    28.6     0.8    13.1    96.4    33.0    74.3   0.291   0.319   0.241   0.192   0.230    12.7    12.4    11.9    11.9    11.6
04223 20210530  2.622 -121.45   48.54    22.8     6.1    14.5    14.4     0.0    18.67 C    27.9     4.0    14.4    95.3    42.7    72.8   0.268   0.300   0.227   0.179   0.221    13.3    13.0    12.2    12.1    11.6
04223 20210531  2.622 -121.45   48.54    26.6     7.7    17.1    16.3     0.0    22.50 C    31.0     5.7    16.6    94.0    41.8    71.9   0.252   0.286   0.218   0.170   0.215    14.3    13.7    12.6    12.3    11.8
04223 20210601  2.622 -121.45   48.54    30.1     9.6    19.8    18.5     0.0    27.51 C    33.2     7.7    18.7    91.5    36.7    68.1   0.235   0.270   0.209   0.160   0.209    15.5    14.8    13.2    12.8    12.1
04223 20210602  2.622 -121.45   48.54    29.2     9.8    19.5    19.1     0.0    27.39 C    33.9     7.8    19.8    89.7    39.2    66.2   0.219   0.256   0.199   0.151   0.203    16.1    15.4    13.9    13.3    12.6
04223 20210603  2.622 -121.45   48.54    26.1     9.6    17.8    17.7     0.0    25.33 C    31.6     8.1    19.4    93.5    49.9    69.7   0.205   0.244   0.190   0.143   0.197    16.3    15.7    14.2    13.8    13.0
04223 20210604  2.622 -121.45   48.54    21.7    12.1    16.9    15.3     0.0    18.04 C    29.8    11.6    16.7    82.6    42.2    65.0   0.195   0.235   0.184   0.137   0.191    16.0    15.6    14.4    14.0    13.3
04223 20210605  2.622 -121.45   48.54    14.4     8.3    11.4    11.3    10.7     9.88 C    20.9     8.3    12.3    94.3    76.1    88.2   0.216   0.254   0.185   0.135   0.188    14.8    14.7    14.1    13.9    13.4
04223 20210606  2.622 -121.45   48.54    12.1     6.0     9.0     9.3     5.4    10.15 C    15.4     4.5    10.1    95.3    67.3    85.9   0.237   0.265   0.189   0.139   0.190    13.6    13.6    13.5    13.5    13.2
04223 20210607  2.622 -121.45   48.54    16.5     5.7    11.1    10.4     0.7    22.41 C    23.1     3.6    11.7    95.6    49.5    80.6   0.256   0.278   0.193   0.142   0.191    13.6    13.4    13.1    13.1    12.8
04223 20210608  2.622 -121.45   48.54    19.0     4.3    11.6    11.6    10.7    18.49 C    25.9     2.3    12.6    95.7    48.0    81.9   0.248   0.269   0.193   0.142   0.192    13.4    13.3    12.9    13.0    12.7
04223 20210609  2.622 -121.45   48.54    19.2     6.8    13.0    12.8     0.7    25.49 C    26.3     4.3    14.2    95.3    44.3    78.2   0.297   0.315   0.209   0.151   0.196    14.4    14.0    13.2    13.0    12.7
04223 20210610  2.622 -121.45   48.54    17.9     5.4    11.6    11.2     0.2    16.97 C    26.1     3.3    11.9    95.3    50.0    77.9   0.266   0.288   0.206   0.153   0.200    13.8    13.7    13.2    13.2    12.7
04223 20210611  2.622 -121.45   48.54    17.8     7.2    12.5    11.5     2.1     7.65 C    20.2     5.4    11.4    95.5    47.9    83.6   0.256   0.279   0.203   0.151   0.199    13.4    13.3    13.0    13.0    12.7
04223 20210612  2.622 -121.45   48.54    24.5     8.1    16.3    15.3     1.6    25.18 C    28.0     7.1    16.4    95.5    40.9    76.2   0.267   0.278   0.201   0.150   0.197    14.4    13.9    13.0    12.9    12.6
04223 20210613  2.622 -121.45   48.54    17.9    11.8    14.9    14.4     9.6     5.71 C    20.4    11.8    14.8    95.2    80.1    92.4   0.285   0.285   0.200   0.149   0.197    14.9    14.5    13.6    13.4    12.8
04223 20210614  2.622 -121.45   48.54    18.3    10.5    14.4    14.5     2.2     9.31 C    20.7     9.5    15.0    95.3    73.3    90.7   0.320   0.318   0.215   0.161   0.204    14.9    14.6    13.7    13.5    13.1
04223 20210615  2.622 -121.45   48.54    19.1     9.4    14.3    13.6     9.4    14.79 C    24.5     8.3    14.2    95.3    65.7    86.6   0.307   0.312   0.216   0.164   0.207    14.8    14.5    13.7    13.6    13.2
04223 20210616  2.622 -121.45   48.54    22.8     9.0    15.9    14.9     0.4    25.95 C    26.9     6.8    15.9    95.7    45.7    78.6   0.320   0.338   0.234   0.177   0.214    15.5    15.1    14.0    13.8    13.3
04223 20210617  2.622 -121.45   48.54    26.1     7.2    16.6    15.9     0.0    28.03 C    30.0     5.2    16.3    95.7    32.8    70.9   0.283   0.305   0.222   0.171   0.213    15.4    15.0    14.1    13.9    13.5
04223 20210618  2.622 -121.45   48.54    24.1     7.8    15.9    16.1     0.0    27.24 C    29.8     6.0    16.7    95.7    41.4    69.7   0.260   0.286   0.211   0.163   0.209    15.8    15.4    14.3    14.1    13.5
04223 20210619  2.622 -121.45   48.54    23.2     7.3    15.2    15.1     0.0    15.35 C    26.2     5.4    15.3    95.2    49.1    75.5   0.247   0.274   0.203   0.155   0.204    15.3    15.1    14.4    14.2    13.7
04223 20210620  2.622 -121.45   48.54    30.3     9.2    19.7    19.1     0.0    28.56 C    33.7     7.5    18.9    95.2    23.3    63.3   0.235   0.263   0.197   0.148   0.199    16.6    16.0    14.6    14.3    13.8
04223 20210621  2.622 -121.45   48.54    33.1    10.8    21.9    20.8     0.0    28.14 C    35.0     8.3    20.1    90.2    27.8    62.5   0.218   0.247   0.190   0.140   0.193    17.3    16.7    15.2    14.8    14.1
04223 20210622  2.622 -121.45   48.54    29.6    11.3    20.4    20.0     0.0    27.65 C    33.5     9.2    19.9    91.8    42.2    67.6   0.201   0.233   0.179   0.133   0.187    17.7    17.1    15.6    15.2    14.5
04223 20210623  2.622 -121.45   48.54    25.2    11.1    18.2    18.0     0.0    25.33 C    31.1     8.9    18.6    94.2    51.1    74.9   0.188   0.220   0.171   0.127   0.181    17.7    17.2    15.9    15.4    14.8
04223 20210624  2.622 -121.45   48.54    28.1    11.2    19.7    19.6     0.0    26.55 C    32.6     9.5    20.1    94.6    47.3    72.3   0.175   0.208   0.163   0.121   0.175    17.9    17.4    16.0    15.6    15.0
04223 20210625  2.622 -121.45   48.54    32.7    13.1    22.9    21.9     0.0    24.36 C    35.3    11.8    21.9    91.8    37.7    68.7   0.160   0.193   0.155   0.114   0.170    18.8    18.1    16.4    16.0    15.2
04223 20210626  2.622 -121.45   48.54    38.2    14.7    26.4    25.0     0.0    27.30 C    38.6    12.9    24.2    88.3    29.9    62.0   0.142   0.174   0.144   0.107   0.164    19.8    18.9    17.0    16.4    15.6
04223 20210627  2.622 -121.45   48.54    40.0    16.0    28.0    26.1     0.0    27.28 C    39.7    14.1    24.9    83.4    28.8    59.2   0.125   0.153   0.134   0.100   0.158    20.6    19.7    17.5    16.9    16.0
04223 20210628  2.622 -121.45   48.54    40.8    16.0    28.4    26.7     0.0    27.13 C    40.7    13.6    25.4    80.4    23.7    56.5   0.110   0.133   0.122   0.092   0.152    20.9    20.1    17.9    17.3    16.4
04223 20210629  2.622 -121.45   48.54    34.5    16.5    25.5    24.5     0.0    26.68 C    38.2    14.0    24.2    89.3    41.2    65.2   0.099   0.116   0.110   0.084   0.146    21.2    20.4    18.3    17.7    16.8
04223 20210630  2.622 -121.45   48.54    27.4    14.9    21.2    20.8     0.0    25.51 C    33.4    13.3    21.9    93.9    56.0    73.3   0.093   0.105   0.099   0.078   0.141    20.6    20.1    18.3    17.8    17.0
04223 20210701  2.622 -121.45   48.54    23.3    16.7    20.0    19.3     0.0    10.87 C    28.1    16.5    19.9    88.4    60.5    76.7   0.091   0.098   0.093   0.072   0.137    19.8    19.4    18.1    17.8    17.0
04223 20210702  2.622 -121.45   48.54    25.3    16.4    20.8    20.2     0.0    14.77 C    30.8    15.6    20.9    88.7    59.1    76.1   0.089   0.094   0.089   0.068   0.134    19.8    19.3    17.9    17.6    17.0
04223 20210703  2.622 -121.45   48.54    29.0    14.0    21.5    21.3     0.0    24.46 C    35.5    11.2    22.3    89.1    40.5    68.5   0.085   0.088   0.083   0.063   0.131    20.4    19.7    18.0    17.7    17.0
04223 20210704  2.622 -121.45   48.54    28.7    11.6    20.1    20.2     0.0    26.43 C    35.8     9.4    20.8    94.5    43.5    68.7   0.081   0.082   0.075   0.057   0.126    19.7    19.3    18.0    17.7    17.0
04223 20210705  2.622 -121.45   48.54    26.6    11.7    19.2    18.9     0.0    25.59 C    34.5    10.0    20.3    94.3    50.7    74.6   0.077   0.076   0.070   0.050   0.123    19.7    19.2    17.9    17.6    17.0
04223 20210706  2.622 -121.45   48.54    28.6    11.9    20.2    20.0     0.0    26.43 C    36.3     9.8    21.4    95.2    46.0    73.3   0.074   0.073   0.065   0.046   0.118    19.8    19.3    17.9    17.6    17.0
04223 20210707  2.622 -121.45   48.54    22.4    12.8    17.6    17.2     1.9    12.40 C    31.0    10.5    17.6    94.9    61.8    82.6   0.073   0.072   0.062   0.044   0.115    18.7    18.6    17.7    17.6    17.0
04223 20210708  2.622 -121.45   48.54    24.6    12.7    18.6    17.9     0.0    21.59 C    41.5     9.0    22.5    88.9    51.2    72.2   0.073   0.071   0.065   0.045   0.114    19.3    18.7    17.5    17.3    16.8
04223 20210709  2.622 -121.45   48.54    28.7    13.5    21.1    20.2     0.0    25.63 C    44.7    10.9    24.7    90.1    43.6    69.4   0.073   0.071   0.064   0.044   0.111    20.2    19.4    17.8    17.5    16.9
04223 20210710  2.622 -121.45   48.54    27.6    12.2    19.9    19.4     0.0    26.22 C    43.5     7.5    22.9    94.6    32.8    68.4   0.071   0.070   0.063   0.042   0.109    19.8    19.3    18.0    17.6    17.0
04223 20210711  2.622 -121.45   48.54    28.0     9.3    18.7    18.4     0.0    26.61 C    42.4     5.3    21.8    95.0    41.9    70.4   0.070   0.068   0.061   0.039   0.107    19.2    18.7    17.7    17.5    17.0
04223 20210712  2.622 -121.45   48.54    28.4    10.9    19.7    20.0     0.0    26.10 C    43.9     7.7    23.7    95.1    40.9    69.5   0.069   0.067   0.060   0.038   0.103    19.7    19.0    17.8    17.5    16.9
04223 20210713  2.622 -121.45   48.54    28.6    12.6    20.6    20.1     0.0    24.80 C    43.5     9.2    23.4    94.7    39.0    68.6   0.067   0.066   0.058   0.037   0.101    20.1    19.4    18.0    17.7    17.0
04223 20210714  2.622 -121.45   48.54    25.8    10.2    18.0    18.2     0.0    25.91 C    42.1     6.3    21.6    94.9    45.5    70.2   0.066   0.064   0.056   0.036   0.098    19.5    19.0    17.9    17.7    17.1
04223 20210715  2.622 -121.45   48.54    22.8    10.7    16.7    16.1     0.0    20.13 C    41.2     6.6    19.0    94.7    46.7    75.4   0.065   0.063   0.056   0.035   0.096    18.7    18.5    17.7    17.6    17.1
04223 20210716  2.622 -121.45   48.54    21.9     8.7    15.3    15.3     0.0    11.62 C    33.0     4.6    17.4    95.5    54.0    78.3   0.064   0.063   0.055   0.034   0.095    17.5    17.5    17.2    17.2    16.8
04223 20210717  2.622 -121.45   48.54    25.7    10.3    18.0    18.1     0.0    26.00 C    42.3     6.3    21.7    95.1    41.9    69.3   0.063   0.063   0.051   0.033   0.092    18.7    18.1    17.2    17.0    16.6
04223 20210718  2.622 -121.45   48.54    27.5    12.6    20.0    19.0     0.0    24.54 C    43.7     8.2    23.1    91.4    38.0    66.8   0.063   0.061   0.051   0.032   0.089    19.5    18.9    17.5    17.3    16.7
04223 20210719  2.622 -121.45   48.54    28.7     9.7    19.2    19.1     0.0    25.95 C    44.7     6.4    22.4    95.1    34.9    65.4   0.061   0.060   0.049   0.030   0.086    19.3    18.7    17.6    17.4    16.8
04223 20210720  2.622 -121.45   48.54    24.5    10.1    17.3    17.6     0.0    24.30 C    41.6     6.0    21.5    92.9    47.0    68.6   0.060   0.059   0.047   0.029   0.084    19.3    18.7    17.6    17.4    16.9
04223 20210721  2.622 -121.45   48.54 -9999.0 -9999.0 -9999.0 -9999.0 -9999.0 -9999.00 U -9999.0 -9999.0 -9999.0 -9999.0 -9999.0 -9999.0 -99.000 -99.000 -99.000 -99.000 -99.000 -9999.0 -9999.0 -9999.0 -9999.0 -9999.0
04223 20210722  2.622 -121.45   48.54 -9999.0 -9999.0 -9999.0 -9999.0 -9999.0 -9999.00 U -9999.0 -9999.0 -9999.0 -9999.0 -9999.0 -9999.0 -99.000 -99.000 -99.000 -99.000 -99.000 -9999.0 -9999.0 -9999.0 -9999.0 -9999.0
04223 20210723  2.622 -121.45   48.54 -9999.0 -9999.0 -9999.0 -9999.0 -9999.0 -9999.00 U -9999.0 -9999.0 -9999.0 -9999.0 -9999.0 -9999.0 -99.000 -99.000 -99.000 -99.000 -99.000 -9999.0 -9999.0 -9999.0 -9999.0 -9999.0
04223 20210724  2.622 -121.45   48.54    30.1    10.1    20.1    19.8     0.0    24.98 C    45.9     6.4    23.2    93.4    33.9    65.0   0.057   0.056   0.047   0.027   0.077    19.3    18.6    17.5    17.3    16.7
04223 20210725  2.622 -121.45   48.54    28.9    11.2    20.0    19.8     0.0    24.90 C    45.7     7.6    23.0    94.7    36.8    66.9   0.056   0.055   0.046   0.025   0.075    19.8    19.1    17.8    17.5    16.9
04223 20210726  2.622 -121.45   48.54    29.1    10.2    19.7    19.5     0.0    24.86 C    45.4     6.2    22.8    94.6    36.3    66.6   0.055   0.054   0.046   0.023   0.073    19.7    19.1    17.9    17.6    17.0
04223 20210727  2.622 -121.45   48.54    29.6    10.8    20.2    20.1     0.0    24.26 C    45.2     6.9    23.1    94.8    38.2    66.1   0.054   0.053   0.044   0.022   0.072    19.9    19.3    18.0    17.7    17.1
04223 20210728  2.622 -121.45   48.54    30.6    11.3    20.9    20.3     0.0    22.31 C    47.2     7.5    22.9    94.3    28.8    64.1   0.053   0.052   0.044   0.022   0.071    19.9    19.4    18.1    17.8    17.2
04223 20210729  2.622 -121.45   48.54    33.1    10.3    21.7    21.1     0.0    24.73 C    48.6     6.0    23.8    94.2    24.2    60.3   0.052   0.051   0.043   0.020   0.069    20.0    19.4    18.1    17.8    17.2
04223 20210730  2.622 -121.45   48.54    34.4    12.2    23.3    23.0     0.0    23.42 C    49.9     8.3    26.1    90.6    27.1    60.7   0.051   0.050   0.043   0.020   0.067    20.8    19.9    18.4    18.0    17.3
04223 20210731  2.622 -121.45   48.54    27.5    18.3    22.9    22.1     0.0     8.70 C    37.8    16.0    23.7    86.5    53.7    73.6   0.051   0.050   0.041   0.020   0.067    20.9    20.4    18.8    18.3    17.6
04223 20210801  2.622 -121.45   48.54    25.2    16.6    20.9    20.4     3.9     8.33 C    30.3    14.1    20.8    94.3    64.3    85.3   0.052   0.055   0.042   0.020   0.067    20.5    20.0    18.6    18.3    17.7
04223 20210802  2.622 -121.45   48.54    29.4    15.4    22.4    20.9     0.0    18.06 C    41.8    13.1    23.7    94.7    41.8    77.5   0.056   0.057   0.042   0.020   0.068    20.8    20.1    18.6    18.3    17.7
04223 20210803  2.622 -121.45   48.54    29.1    13.9    21.5    21.7     0.0    18.53 C    43.4    11.0    24.4    95.1    46.4    70.3   0.057   0.055   0.042   0.020   0.068    20.8    20.2    18.7    18.4    17.8
04223 20210804  2.622 -121.45   48.54    32.3    13.1    22.7    21.7     0.0    22.52 C    46.8     9.7    24.1    94.2    31.5    65.5   0.057   0.054   0.043   0.020   0.066    20.9    20.3    18.9    18.5    17.9
04223 20210805  2.622 -121.45   48.54    29.7    12.0    20.8    21.0     0.0    20.86 C    45.8     7.9    23.3    94.9    37.2    66.9   0.056   0.053   0.043   0.020   0.065    20.3    19.9    18.8    18.5    17.9
04223 20210806  2.622 -121.45   48.54    24.3    16.5    20.4    19.6     2.6    16.91 C    39.9    15.9    22.6    93.8    60.6    79.2   0.056   0.054   0.043   0.021   0.065    21.1    20.5    19.0    18.6    17.9
04223 20210807  2.622 -121.45   48.54    17.4    13.0    15.2    15.4    34.5     3.10 C    20.0    11.9    16.3    94.5    78.8    91.7   0.091   0.136   0.062   0.025   0.072    18.9    19.1    18.6    18.5    18.0
04223 20210808  2.622 -121.45   48.54    17.4    12.6    15.0    14.4     0.0     5.68 C    21.5    11.9    15.5    94.4    76.0    90.2   0.129   0.200   0.122   0.038   0.075    17.9    18.0    17.8    18.0    17.7
04223 20210809  2.622 -121.45   48.54    24.8    13.0    18.9    18.2     0.0    20.91 C    40.5    12.1    21.5    94.8    46.2    76.6   0.130   0.178   0.119   0.041   0.072    18.9    18.5    17.7    17.7    17.4
04223 20210810  2.622 -121.45   48.54    28.8    13.7    21.3    20.2     0.0    20.24 C    43.5    12.1    23.1    94.4    42.8    75.1   0.130   0.168   0.116   0.043   0.071    19.6    19.2    18.2    18.1    17.5
04223 20210811  2.622 -121.45   48.54    31.8    14.2    23.0    22.0     0.0    21.48 C    45.7    11.8    24.7    95.1    41.4    75.6   0.128   0.159   0.112   0.045   0.071    20.3    19.8    18.6    18.3    17.8
04223 20210812  2.622 -121.45   48.54    37.8    16.7    27.3    24.9     0.0    16.06 C    44.3    12.9    24.4    93.2    16.4    57.9   0.125   0.151   0.110   0.046   0.071    20.6    20.2    19.0    18.7    18.0
04223 20210813  2.622 -121.45   48.54    33.4    15.5    24.5    22.9     0.0    16.19 C    42.2    12.0    23.4    88.9    26.7    67.7   0.121   0.144   0.106   0.047   0.070    20.3    20.0    19.0    18.8    18.2
04223 20210814  2.622 -121.45   48.54    30.3    15.2    22.7    21.8     0.0    15.96 C    40.8    12.3    23.0    94.6    48.9    76.6   0.118   0.138   0.103   0.047   0.070    20.5    20.1    19.1    18.9    18.3
04223 20210815  2.622 -121.45   48.54    29.7    15.0    22.3    21.9     0.0    17.87 C    43.0    12.1    23.5    95.3    39.7    71.8   0.114   0.131   0.100   0.047   0.070    20.5    20.2    19.2    19.0    18.4
04223 20210816  2.622 -121.45   48.54    21.4    13.5    17.4    17.7     4.1     5.20 C    27.2    13.8    18.7    93.2    69.2    80.7   0.111   0.129   0.098   0.046   0.071    19.8    19.7    19.1    19.0    18.5
04223 20210817  2.622 -121.45   48.54    16.8    12.2    14.5    14.0     2.9     5.01 C    21.7    12.6    15.2    93.9    76.2    89.9   0.128   0.138   0.096   0.048   0.075    18.2    18.4    18.3    18.5    18.2
04223 20210818  2.622 -121.45   48.54    24.8    13.5    19.2    17.7     0.0    18.20 C    36.0    11.6    19.8    94.1    49.0    76.6   0.131   0.136   0.097   0.047   0.074    18.6    18.5    17.9    18.1    17.8
04223 20210819  2.622 -121.45   48.54    25.6    11.8    18.7    18.4     0.0    17.03 C    39.1     8.8    20.2    95.6    47.5    74.8   0.125   0.131   0.095   0.047   0.073    18.7    18.5    18.0    18.1    17.7
04223 20210820  2.622 -121.45   48.54    20.3    15.1    17.7    17.1     0.0     8.43 C    30.5    13.0    18.7    90.0    66.1    78.8   0.120   0.128   0.093   0.046   0.072    18.7    18.6    18.1    18.1    17.7
04223 20210821  2.622 -121.45   48.54    19.5    14.4    17.0    16.4     0.0     6.91 C    25.9    14.4    17.8    88.9    65.9    79.7   0.117   0.124   0.093   0.046   0.072    18.4    18.3    17.9    18.0    17.7
04223 20210822  2.622 -121.45   48.54    18.0     8.4    13.2    14.0     0.7    13.18 C    33.6     5.3    15.4    93.9    61.5    81.5   0.113   0.121   0.091   0.047   0.072    18.0    18.0    17.7    17.8    17.5
04223 20210823  2.622 -121.45   48.54    18.5     8.6    13.6    12.4     0.4     8.15 C    32.2     4.8    12.8    95.0    57.7    84.0   0.109   0.118   0.088   0.047   0.073    16.2    16.5    16.9    17.3    17.2
04223 20210824  2.622 -121.45   48.54    26.1     6.2    16.1    15.1     0.0    17.71 C    35.9     2.9    15.0    95.5    27.4    70.6   0.105   0.113   0.086   0.045   0.072    15.5    15.7    16.2    16.6    16.7
04223 20210825  2.622 -121.45   48.54    26.0     8.2    17.1    16.7     0.0    17.45 C    36.2     4.9    17.0    94.7    36.6    68.5   0.100   0.108   0.083   0.044   0.071    16.1    16.0    16.1    16.3    16.4
04223 20210826  2.622 -121.45   48.54    20.6    10.5    15.6    15.4     7.2     7.21 C    26.9     7.7    16.0    94.7    56.7    80.0   0.097   0.107   0.081   0.043   0.071    16.4    16.4    16.2    16.4    16.3
04223 20210827  2.622 -121.45   48.54    18.5    13.1    15.8    15.3     0.0     9.19 C    26.9    11.5    16.4    94.7    67.0    85.2   0.111   0.122   0.087   0.044   0.074    17.0    16.8    16.4    16.5    16.3
04223 20210828  2.622 -121.45   48.54    25.1    11.6    18.3    17.1     0.0    17.81 C    34.5     8.2    17.9    95.0    44.4    76.7   0.113   0.116   0.086   0.045   0.073    17.2    17.0    16.5    16.6    16.3
04223 20210829  2.622 -121.45   48.54    26.2     8.7    17.4    16.7     0.0    17.11 C    35.6     5.6    16.3    95.6    43.7    75.5   0.107   0.109   0.083   0.044   0.072    16.2    16.4    16.3    16.5    16.3
04223 20210830  2.622 -121.45   48.54    17.7    10.6    14.1    13.1     0.5     5.43 C    22.5     7.1    13.3    94.8    51.4    78.9   0.102   0.105   0.081   0.043   0.072    15.6    15.7    16.0    16.2    16.2
04223 20210831  2.622 -121.45   48.54    13.7     6.7    10.2    10.8     2.0     5.64 C    17.9     3.5    11.4    95.9    74.1    90.5   0.100   0.104   0.080   0.043   0.072    15.1    15.3    15.6    15.9    15.9
04223 20210901  2.622 -121.45   48.54    22.4     5.1    13.7    12.1     0.0    16.75 C    29.5     2.4    11.9    95.9    39.8    77.4   0.097   0.102   0.079   0.042   0.072    14.0    14.3    15.0    15.4    15.5
04223 20210902  2.622 -121.45   48.54    25.2     5.4    15.3    14.3     0.0    16.53 C    33.7     1.9    13.2    95.7    31.0    71.6   0.094   0.098   0.076   0.041   0.072    13.7    14.0    14.6    15.0    15.2
04223 20210903  2.622 -121.45   48.54    24.4     6.9    15.7    15.2     0.0    13.94 C    33.6     3.2    14.4    95.2    40.1    74.1   0.091   0.094   0.073   0.041   0.071    14.2    14.3    14.5    14.8    15.0
04223 20210904  2.622 -121.45   48.54    22.6     8.2    15.4    15.5     0.0     8.82 C    27.2     4.4    15.2    94.8    43.1    76.7   0.089   0.090   0.071   0.039   0.071    14.5    14.5    14.6    14.9    14.9
04223 20210905  2.622 -121.45   48.54    24.1    14.5    19.3    18.3     0.0    10.54 C    33.0    11.2    18.5    92.0    57.3    78.8   0.087   0.088   0.069   0.038   0.070    16.5    16.1    15.2    15.2    15.0
04223 20210906  2.622 -121.45   48.54    24.5    11.4    18.0    17.6     0.0    13.54 C    34.6     7.5    17.2    92.7    42.0    70.8   0.084   0.085   0.067   0.037   0.069    16.5    16.3    15.7    15.6    15.3
04223 20210907  2.622 -121.45   48.54    28.2     9.2    18.7    17.3     0.0    14.13 C    37.1     5.9    16.1    94.8    29.4    70.4   0.080   0.081   0.065   0.035   0.068    15.4    15.4    15.4    15.5    15.3
04223 20210908  2.622 -121.45   48.54    27.3    13.0    20.1    18.5     0.4    12.16 C    37.9     8.7    18.4    92.1    34.6    73.5   0.079   0.078   0.062   0.034   0.068    16.5    16.2    15.5    15.6    15.3
04223 20210909  2.622 -121.45   48.54    28.0    10.8    19.4    18.4     0.0    12.08 C    37.6     7.1    16.9    94.4    38.9    71.7   0.076   0.075   0.060   0.032   0.067    16.0    15.9    15.6    15.7    15.4
04223 20210910  2.622 -121.45   48.54    19.9    10.3    15.1    15.6     0.0     6.42 C    26.3     6.5    14.9    95.5    68.4    82.0   0.074   0.073   0.059   0.031   0.066    15.4    15.4    15.4    15.6    15.4
04223 20210911  2.622 -121.45   48.54    21.6    13.1    17.4    16.1     2.6    11.89 C    32.8    12.0    17.7    94.8    55.7    82.0   0.073   0.071   0.057   0.030   0.066    16.5    16.2    15.5    15.6    15.3
04223 20210912  2.622 -121.45   48.54    18.6    11.0    14.8    14.7    11.6     9.54 C    27.1     8.0    15.3    94.8    74.1    89.9   0.096   0.128   0.065   0.030
